0	1434
000	815
01	3
02	3
03	3
04	1
05	2
06	1
07	4
09	2
1	363
10	34
100	11
11	30
12	27
13	18
135	163
14	20
15	20
16	15
17	15
18	9
19	12
2	482
20	14
20130101	1
20130102	1
20130103	1
20130104	1
20130105	1
20130106	1
20130107	1
20130108	1
20130109	1
20130110	1
20130111	1
20130112	1
20130113	1
20130114	1
20130115	1
20130116	1
20130117	1
20130118	1
20130119	1
20130120	1
20130121	1
20130122	1
20130123	1
20130124	1
20130125	1
20130126	1
20130127	1
20130128	1
20130129	1
20130130	1
20130131	1
20130201	1
20130202	1
20130203	1
20130204	1
20130205	1
20130206	1
20130207	1
20130208	1
20130209	1
20130210	1
20130211	1
20130212	1
20130213	1
20130214	1
20130215	1
20130216	1
20130217	1
20130218	1
20130219	1
20130220	1
20130221	1
20130222	1
20130223	1
20130224	1
20130225	1
20130226	1
20130227	1
20130228	1
20130301	1
20130302	1
20130303	1
20130304	1
20130305	1
20130306	1
20130307	1
20130308	1
20130309	1
20130310	1
20130311	1
20130312	1
20130313	1
20130314	1
20130315	1
20130316	1
20130317	1
20130318	1
20130319	1
20130320	1
20130321	1
20130322	1
20130323	1
20130324	1
20130325	1
20130326	1
20130327	1
20130328	1
20130329	1
20130330	1
20130331	1
20130401	1
20130402	1
20130403	1
20130404	1
20130405	1
20130406	1
20130407	1
20130408	1
20130409	1
20130410	1
20130411	1
20130412	1
20130413	1
20130414	1
20130415	1
20130416	1
20130417	1
20130418	1
20130419	1
20130420	1
20130421	1
20130422	1
20130423	1
20130424	1
20130425	1
20130426	1
20130427	1
20130428	1
20130429	1
20130430	1
20130501	1
20130502	1
20130503	1
20130504	1
20130505	1
20130506	1
20130507	1
20130508	1
20130509	1
20130510	1
20130511	1
20130512	1
20130513	1
20130514	1
20130515	1
20130516	1
20130517	1
20130518	1
20130519	1
20130520	1
20130521	1
20130522	1
20130523	1
20130524	1
20130525	1
20130526	1
20130527	1
20130528	1
20130529	1
20130530	1
20130531	1
20130601	1
20130602	1
20130603	1
20130604	1
20130605	1
20130606	1
20130607	1
20130608	1
20130609	1
20130610	1
20130611	1
20130612	1
21	7
22	12
23	6
24	11
25	7
26	8
27	8
28	8
29	7
3	274
30	4
31	9
32	5
33	9
34	4
35	5
36	6
37	6
38	1
39	4
4	288
40	2
41	4
42	2
43	169
44	2
45	5
46	4
47	9
48	4
49	4
5	263
50	7
51	3
514	163
52	4
53	5
54	4
55	2
56	3
57	2
58	168
59	5
6	217
60	6
61	7
62	2
63	4
64	6
65	6
66	10
67	6
68	3
69	168
7	244
70	8
71	3
72	12
73	5
74	7
75	4
76	11
77	6
78	6
79	11
8	193
80	13
81	5
82	7
83	9
84	5
85	14
86	7
87	15
88	9
89	13
9	227
90	9
91	9
92	11
93	9
94	10
95	19
96	18
97	30
98	37
99	885
9999	820
c	163
hadoop	163
